D:\Software\anaconda3\envs\pytorch\python.exe C:/Users/Song/Desktop/智能系统/Intelligent-system-labs/CRF/test/test.py
0 , time:  252.84454655647278
0.6666311347990229
0.6666311347990229
0 , time:  47.38924217224121
1 , time:  259.4509184360504
0.7509101273038191
0.7347212341333733
1 , time:  45.08679437637329
2 , time:  261.87941312789917
0.6727525852455724
0.6511387946867713
2 , time:  45.21305537223816
3 , time:  264.8011157512665
0.7350603022427836
0.7072451210958451
3 , time:  45.17846632003784
4 , time:  266.6456742286682
0.683184926221423
0.6331301546476304
4 , time:  45.19111490249634
5 , time:  269.60859751701355
0.738243258178603
0.6956824936865695
5 , time:  45.282849073410034
6 , time:  273.1288857460022
0.7076964315630759
0.6470518929674818
6 , time:  45.21408796310425
7 , time:  274.8267614841461
0.718208555967272
0.6742345163535143
7 , time:  45.10239100456238
8 , time:  278.38566756248474
0.704291601058662
0.631390006674313
8 , time:  45.697739362716675
9 , time:  280.92390275001526
0.7761999255860101
0.723401814156903
9 , time:  45.316946029663086
10 , time:  283.3250267505646
0.7908189557438212
0.7224896489042987
10 , time:  45.158180236816406
11 , time:  285.5269525051117
0.7980906489147616
0.7356894079082156
11 , time:  45.341691970825195
12 , time:  290.47669410705566
0.7964049379969972
0.7321603794156127
12 , time:  45.187422037124634
13 , time:  292.0865614414215
0.8157275838274022
0.7538915764523239
13 , time:  45.293678283691406
14 , time:  294.8231496810913
0.804928002675082
0.7314629941327591
14 , time:  45.3041296005249
15 , time:  297.04917216300964
0.7782692709069732
0.6977931477993818
15 , time:  45.41651916503906
16 , time:  300.09688687324524
0.8103954063899007
0.7452751944308479
16 , time:  45.27888226509094
17 , time:  302.2434024810791
0.8229665737193083
0.7570355833571828
17 , time:  45.23896670341492
18 , time:  306.05805468559265
0.8218749782392223
0.7520270775420878
18 , time:  45.3696346282959
19 , time:  308.489942073822
0.7873428712918303
0.7030266865572684
19 , time:  45.38836669921875
20 , time:  311.0894787311554
0.8041074466333754
0.7360223107996041
20 , time:  45.417521238327026
21 , time:  313.96612191200256
0.7895888103147268
0.6917777059859039
21 , time:  45.368619441986084
22 , time:  316.7626852989197
0.7994879545093817
0.7288352520203171
22 , time:  45.35695195198059
23 , time:  319.52369928359985
0.8105541589546672
0.7248901221315294
23 , time:  45.98699164390564
24 , time:  323.34857845306396
0.8371900999937023
0.7568058693817549
24 , time:  45.55517554283142
25 , time:  325.39443826675415
0.8295083980297717
0.7559092940870366
25 , time:  45.42948508262634
26 , time:  327.24411725997925
0.8115499452496412
0.7346518745726027
26 , time:  45.45342779159546
27 , time:  331.5911581516266
0.8275981444298276
0.7393279448680589
27 , time:  45.43845558166504
28 , time:  333.03336000442505
0.8436754260613697
0.7629368291035151
28 , time:  45.49630069732666
29 , time:  336.37656021118164
0.8362570696903715
0.7588928316058887
29 , time:  45.29185605049133
30 , time:  338.37526297569275
0.8357905263230995
0.7474348641747882
30 , time:  45.64390969276428
31 , time:  342.05059456825256
0.8385190010255842
0.7549632650856247
31 , time:  45.30581974983215
32 , time:  345.4333279132843
0.8603879638238526
0.7961778141311355
32 , time:  45.54717183113098
33 , time:  347.3783724308014
0.8542275283864927
0.7971680140767989
33 , time:  45.764588594436646
34 , time:  351.33974742889404
0.8445455818512814
0.7696893286374039
34 , time:  45.40581655502319
35 , time:  354.03203797340393
0.792369856555997
0.6878306531014112
35 , time:  45.37944674491882
36 , time:  355.0722134113312
0.8212704835958594
0.7360553324408746
36 , time:  45.558140993118286
37 , time:  358.2994010448456
0.8343633347158855
0.7556906555581103
37 , time:  45.60101938247681
38 , time:  361.4251148700714
0.823194178370109
0.733173610783964
38 , time:  45.54613995552063
39 , time:  363.9071934223175
0.8065845289238335
0.7200352719758887
39 , time:  45.39358472824097
40 , time:  366.75507855415344
0.792219831377803
0.6835260210050258
40 , time:  45.42150282859802
41 , time:  369.07781624794006
0.8104866976566913
0.7382817143234498
41 , time:  45.603694915771484
42 , time:  372.6372301578522
0.7954533123541859
0.6863409169816512
42 , time:  45.49528217315674
43 , time:  375.54593539237976
0.7846836171581406
0.7035792712593196
43 , time:  45.40355348587036
44 , time:  378.4538674354553
0.8209078385640438
0.7175450211864407
44 , time:  45.448440074920654
45 , time:  380.5498960018158
0.8196977521676497
0.7304429471624008
45 , time:  45.43884801864624
46 , time:  383.1007812023163
0.8422774869109948
0.7483401770477816
46 , time:  45.439823150634766
47 , time:  385.80546593666077
0.8583671535403061
0.7867566949574294
47 , time:  45.45042896270752
48 , time:  388.8181028366089
0.84630354193933
0.7552981863513893
48 , time:  45.22406625747681
49 , time:  390.59371995925903
0.8590513400507231
0.7913594181936155
49 , time:  45.31118965148926
50 , time:  394.01159167289734
0.8628531807938984
0.7801907757530172
50 , time:  45.29285001754761
51 , time:  398.1031575202942
0.8775686324441709
0.8131096727140122
51 , time:  45.42349195480347
52 , time:  399.5850830078125
0.8784495948319828
0.8223652870793287
52 , time:  45.32901668548584
53 , time:  403.1703476905823
0.8870781057986339
0.8311798888865237
53 , time:  45.36767792701721
54 , time:  405.63646030426025
0.8926637052977484
0.8350472967109259
54 , time:  45.46441912651062
55 , time:  410.92038774490356
0.8875649960476601
0.831899004011321
55 , time:  45.4503960609436
56 , time:  412.284930229187
0.88718410273128
0.8266443740384548
56 , time:  45.70571303367615
57 , time:  414.74639797210693
0.889402871609507
0.8270072372427663
57 , time:  45.52021408081055
58 , time:  416.5360572338104
0.8876705722148146
0.8258735685221695
58 , time:  45.6690776348114
59 , time:  420.4374568462372
0.8829658001171914
0.8154331397605153
59 , time:  45.40979623794556
60 , time:  422.60267186164856
0.8676128088037658
0.790945967424279
60 , time:  45.547170877456665
61 , time:  425.98501348495483
0.8565666870706659
0.7818258573783454
61 , time:  45.572075843811035
62 , time:  428.2416639328003
0.8573056758604969
0.7749336482918253
62 , time:  45.61199593544006
63 , time:  432.5415358543396
0.8727593936135298
0.7967051138947455
63 , time:  45.564432859420776
64 , time:  433.77358961105347
0.8679118478900059
0.7785965465475758
64 , time:  45.62516927719116
65 , time:  441.22033286094666
0.8497140704722118
0.7568752677806341
65 , time:  45.461265087127686
66 , time:  438.9506199359894
0.8285363571011977
0.7148601006166401
66 , time:  45.51023578643799
67 , time:  441.39067363739014
0.8354931161208929
0.7479988497983804
67 , time:  45.43144989013672
68 , time:  446.5576686859131
0.8123219446209342
0.7166298390488461
68 , time:  45.77687668800354
69 , time:  449.9336726665497
0.8321878185173962
0.7420201136860516
69 , time:  45.3709397315979
70 , time:  450.70248436927795
0.8604377000527762
0.7718065705710556
70 , time:  45.78672790527344
71 , time:  454.27245259284973
0.8791218650360944
0.8033522511269212
71 , time:  45.46436357498169
72 , time:  457.0719356536865
0.8881264979003193
0.8187417905288628
72 , time:  45.414650678634644
73 , time:  462.262540102005
0.8919316843345112
0.8265934301102115
73 , time:  45.60103106498718
74 , time:  462.8869512081146
0.8620122914837577
0.7877995916006328
74 , time:  45.65491080284119
75 , time:  465.69734263420105
0.8915177253104214
0.8207487973227359
75 , time:  45.51725435256958
76 , time:  468.10733127593994
0.894564633491234
0.8329188567334651
76 , time:  45.591309547424316
77 , time:  471.43384051322937
0.8932015497299285
0.8338731160182264
77 , time:  45.74461221694946
78 , time:  475.44081449508667
0.8914223978619964
0.8298108385176031
78 , time:  45.70797824859619
79 , time:  487.3368272781372
0.8830996923120252
0.8120155173734687
79 , time:  45.70130705833435
80 , time:  494.04614210128784
0.882629690093888
0.8187643113886378
80 , time:  46.573453426361084
81 , time:  506.9008116722107
0.8455101295227854
0.7724942897541875
81 , time:  47.7492561340332
82 , time:  501.9218602180481
0.8841989687426165
0.8062887450061992
82 , time:  46.648229360580444
83 , time:  502.53223991394043
0.8844247307716373
0.8060075867945793
83 , time:  48.31129693984985
84 , time:  528.063152551651
0.8606766854634851
0.7734290942235076
84 , time:  47.20547938346863
85 , time:  518.5818433761597
0.8814559593737243
0.8056139533928193
85 , time:  46.66018724441528
86 , time:  515.3418052196503
0.8923053367111161
0.8186230971020181
86 , time:  46.18147325515747
87 , time:  518.0303761959076
0.90097964908304
0.8293208968810835
87 , time:  46.220311641693115
88 , time:  523.6626236438751
0.9013814984491932
0.8351385825328926
88 , time:  47.151631355285645
89 , time:  515.2480504512787
0.8994203935599284
0.836945084321588
89 , time:  48.54140019416809
90 , time:  541.2319598197937
0.8988567615012985
0.8395641663960746
90 , time:  50.91240644454956
91 , time:  535.4660170078278
0.898951999886087
0.8424308200861158
91 , time:  45.816678047180176
92 , time:  533.5040686130524
0.8974688974688975
0.8402291043783303
92 , time:  44.270843505859375
93 , time:  504.25610089302063
0.8974505749264795
0.8431024946462254
93 , time:  44.36456537246704
94 , time:  506.3806037902832
0.8943607651744643
0.8377682164390047
94 , time:  44.22397494316101
95 , time:  509.06746912002563
0.894656715572424
0.8328502212513303
95 , time:  44.33329749107361
96 , time:  513.2540411949158
0.8936488957659305
0.827085240353943
96 , time:  44.161457777023315
97 , time:  511.767404794693
0.8948357914891846
0.8265230032495297
97 , time:  44.15794801712036
98 , time:  514.764591217041
0.864939125165271
0.7652716349572957
98 , time:  44.2707736492157
99 , time:  517.4745755195618
0.848089232957654
0.7448593200077469
99 , time:  44.37621331214905
0 , time:  332.46792674064636
0.7090406106487359
0.7090406106487359
0 , time:  63.34038591384888
1 , time:  347.3490171432495
0.7484248518015003
0.7306443236505903
1 , time:  62.50637888908386
2 , time:  349.1229763031006
0.6871949002908184
0.6887353126481726
2 , time:  62.277811765670776
3 , time:  351.5973949432373
0.722303332462018
0.7115817820973434
3 , time:  62.32525300979614
4 , time:  354.683762550354
0.7004475422783287
0.6723093784249257
4 , time:  62.680885791778564
5 , time:  357.7050793170929
0.7490476038031821
0.7270315998371667
5 , time:  62.747076749801636
6 , time:  360.132693529129
0.6888333394601086
0.6623704734356121
6 , time:  62.638070583343506
7 , time:  363.0089793205261
0.7450493156969187
0.7080322884468296
7 , time:  62.43464708328247
8 , time:  366.23802399635315
0.7370275424778323
0.7063333825628908
8 , time:  62.99703240394592
9 , time:  369.4451780319214
0.7803627361826816
0.7448512657631927
9 , time:  62.590630531311035
10 , time:  371.5683960914612
0.7138806364905677
0.6696275280967282
10 , time:  62.6839714050293
11 , time:  374.53828978538513
0.7743332804820041
0.73607686048695
11 , time:  62.77821588516235
12 , time:  377.52536606788635
0.7505074759877216
0.7148947378092478
12 , time:  62.63758039474487
13 , time:  379.67570519447327
0.7471171579555264
0.6909630808792017
13 , time:  62.55985355377197
14 , time:  381.5732924938202
0.7656871978401457
0.7190387712126842
14 , time:  62.86475491523743
15 , time:  383.978054523468
0.7797972846149034
0.7263341941701986
15 , time:  62.71423673629761
16 , time:  386.90547490119934
0.7829040048299457
0.733399781965426
16 , time:  62.60635542869568
17 , time:  389.9491934776306
0.821768663683482
0.7676348018912409
17 , time:  62.87193250656128
18 , time:  392.3957929611206
0.8269936733578067
0.7643390635792626
18 , time:  62.80985760688782
19 , time:  395.5623722076416
0.8087952127487147
0.7437185284143459
19 , time:  62.731210231781006
20 , time:  399.382568359375
0.845874646478696
0.791728008833272
20 , time:  62.74649357795715
21 , time:  402.2709057331085
0.8470850589359669
0.7939938513504599
21 , time:  62.6527898311615
22 , time:  403.1968529224396
0.8288722659841135
0.7592293765743073
22 , time:  62.746909618377686
23 , time:  405.58669924736023
0.8223996139122042
0.7531752559959066
23 , time:  62.88765215873718
24 , time:  409.7989113330841
0.8451175172055577
0.7974179513243682
24 , time:  63.18060350418091
25 , time:  411.4042429924011
0.8224517398254027
0.7576418651942803
25 , time:  62.90269613265991
26 , time:  415.14395022392273
0.8318695763061007
0.7756225119038327
26 , time:  62.84062218666077
27 , time:  416.75432229042053
0.8118018548882968
0.7453096431824987
27 , time:  62.93410134315491
28 , time:  419.91596579551697
0.8529623177894484
0.7877866317639963
28 , time:  62.855818033218384
29 , time:  422.3639166355133
0.8562020760523708
0.7873386002609661
29 , time:  62.71563386917114
30 , time:  424.76716017723083
0.8375482016634045
0.7535519936996895
30 , time:  62.96530771255493
31 , time:  428.949179649353
0.8488544000206589
0.7812475899123371
31 , time:  63.57872247695923
32 , time:  434.25703144073486
0.8342513932529061
0.7570027649293264
32 , time:  62.98515272140503
33 , time:  434.46009612083435
0.8519124258812797
0.7932349419542922
33 , time:  62.891411781311035
34 , time:  438.1446135044098
0.8356560695906585
0.7584560677402243
34 , time:  62.74654674530029
35 , time:  438.32213497161865
0.8056354702377921
0.7335970631052599
35 , time:  62.700439453125
36 , time:  445.38145995140076
0.8425866371658648
0.7752093482344701
36 , time:  64.5273015499115
37 , time:  445.78731966018677
0.8673320695836073
0.795480784032018
37 , time:  62.73081970214844
38 , time:  446.6282558441162
0.8259555325415062
0.7470750260641241
38 , time:  62.809102296829224
39 , time:  450.94061398506165
0.8533603831919265
0.7788249551977102
39 , time:  63.028095722198486
40 , time:  453.41510009765625
0.8470741942127484
0.7706669232990088
40 , time:  62.82457113265991
41 , time:  454.8707387447357
0.8651156795772379
0.8071239935587762
41 , time:  62.94985342025757
42 , time:  458.23957777023315
0.8666320739419491
0.7958832617134252
42 , time:  62.88706970214844
43 , time:  461.17731642723083
0.8422946737734894
0.7496410636210671
43 , time:  62.80948734283447
44 , time:  464.6861746311188
0.8562839687131127
0.7837692918930442
44 , time:  62.98090958595276
45 , time:  467.1222128868103
0.8447771789989996
0.7572737242758532
45 , time:  63.35658359527588
46 , time:  471.83273816108704
0.8752177458815854
0.8062476805583588
46 , time:  62.900115728378296
47 , time:  472.45147705078125
0.8830030310095593
0.8052823582863404
47 , time:  62.96577858924866
48 , time:  475.5505106449127
0.878743239970942
0.8072029358191364
48 , time:  63.02830362319946
49 , time:  478.7868480682373
0.8834270600964428
0.7716502154114632
49 , time:  62.887125730514526
50 , time:  480.5817778110504
0.8847040015046786
0.7637665198237885
50 , time:  62.93041634559631
51 , time:  482.80474972724915
0.8830537608914706
0.7833818774550411
51 , time:  62.8253607749939
52 , time:  485.8194468021393
0.8251816931840503
0.7074702188838683
52 , time:  62.96540188789368
53 , time:  489.1856834888458
0.833352378775759
0.7781625830262967
53 , time:  62.934537172317505
54 , time:  492.4025285243988
0.8308751537669772
0.782837435334692
54 , time:  62.91846060752869
55 , time:  493.93884325027466
0.8043849446932766
0.7296378499672885
55 , time:  62.74689030647278
56 , time:  497.82237005233765
0.7738911864490726
0.7073216672742739
56 , time:  62.99730324745178
57 , time:  500.59263348579407
0.8349845889866861
0.777695988222304
57 , time:  68.36588644981384
58 , time:  584.8177714347839
0.8362191853724364
0.7522492731197824
58 , time:  77.65815591812134
59 , time:  585.6823673248291
0.8639805231224188
0.7967929919069615
59 , time:  67.90541911125183
60 , time:  528.7117230892181
0.883626911195146
0.8086537150868812
60 , time:  65.44797945022583
61 , time:  553.0657906532288
0.8908710450686691
0.8122060745152924
61 , time:  72.09357976913452
62 , time:  604.5294024944305
0.8994320368379846
0.8256447730975255
62 , time:  72.06652402877808
63 , time:  613.6730573177338
0.9003569403209127
0.8106063209109589
63 , time:  71.89933586120605
64 , time:  611.1572337150574
0.8877029176264122
0.7844989881754018
64 , time:  72.57210397720337
65 , time:  588.343446969986
0.8779842812155142
0.788442925101423
65 , time:  67.03607845306396
66 , time:  558.4854762554169
0.9161310175054704
0.8600492149863099
66 , time:  67.95822834968567
67 , time:  597.1083648204803
0.9107904026970826
0.8574304230726069
67 , time:  69.697833776474
68 , time:  649.1946029663086
0.8981153843448164
0.8465153036160533
68 , time:  69.6454029083252
69 , time:  607.4988985061646
0.8950255178825843
0.79310155735907
69 , time:  76.97710418701172
70 , time:  670.378701210022
0.916495183961284
0.8630072766555921
70 , time:  67.62049412727356
71 , time:  588.0586619377136
0.9162105005473994
0.8557131288802143
71 , time:  68.01307535171509
72 , time:  612.5362024307251
0.9093698811918141
0.8518209307057115
72 , time:  68.46187424659729
73 , time:  620.4659643173218
0.9155841049646359
0.8028590615534091
73 , time:  63.422574043273926
74 , time:  557.4623465538025
0.9184120681719824
0.8496565081013564
74 , time:  63.360053062438965
75 , time:  583.1082408428192
0.9081451461279743
0.8522483788619151
75 , time:  74.52079439163208
76 , time:  585.2253406047821
0.8942262058117618
0.7681053350129136
76 , time:  64.35117554664612
77 , time:  565.9045555591583
0.9093702200356242
0.8553069297652595
77 , time:  63.564902544021606
78 , time:  606.4209599494934
0.8938143299690217
0.8162001335843099
78 , time:  66.19796204566956
79 , time:  620.2919299602509
0.9134526370471998
0.8548435070641519
79 , time:  88.96874380111694
80 , time:  844.3590915203094
0.907427232512574
0.8406364414029085
80 , time:  70.19524025917053
81 , time:  639.6102819442749
0.8850925063223746
0.7755686685719377
81 , time:  66.61895608901978
82 , time:  618.0501234531403
0.9180213921786955
0.8619120294010963
82 , time:  66.60662698745728
83 , time:  614.8871359825134
0.9099581055074236
0.8581061581885113
83 , time:  65.00611758232117
84 , time:  598.2463703155518
0.9058644442436417
0.8039397182609702
84 , time:  64.99050569534302
85 , time:  598.614898443222
0.914833066320564
0.8283092324805339
85 , time:  64.75382256507874
86 , time:  602.9677212238312
0.9123958882974105
0.8249050065148136
86 , time:  64.59023261070251
87 , time:  600.4973187446594
0.873728908998165
0.8079840238834873
87 , time:  64.5214216709137
88 , time:  603.2601673603058
0.9218930591885152
0.8650579467930628
88 , time:  64.75478529930115
89 , time:  608.6882681846619
0.9037593984962407
0.8343192021659412
89 , time:  64.8734700679779
90 , time:  617.3888664245605
0.9011670240552583
0.8018965599994514
90 , time:  65.47964119911194
91 , time:  619.3180320262909
0.9212386670749404
0.8547986144128235
91 , time:  65.51475977897644
92 , time:  620.8957562446594
0.9180980848301233
0.8582693447662637
92 , time:  65.29334759712219
93 , time:  624.5044686794281
0.9205736273332605
0.8465653546386569
93 , time:  65.31127643585205
94 , time:  628.4796876907349
0.9087003821584981
0.8552778130242918
94 , time:  65.17865753173828
95 , time:  628.7352800369263
0.9084378984330911
0.79822149080069
95 , time:  65.95580887794495
96 , time:  673.6838779449463
0.9217996352090793
0.8707411835026898
96 , time:  66.27444529533386
97 , time:  712.7907271385193
0.9251330364900087
0.8650685403320245
97 , time:  81.49429249763489
98 , time:  705.0688214302063
0.9175083713015315
0.8534362535910524
98 , time:  73.35470795631409
99 , time:  735.481339931488
0.9101672541201127
0.8435590202588903
99 , time:  70.70600771903992
0 , time:  615.4033255577087
0.6888662670135354
0.6888662670135354
0 , time:  117.10485243797302
1 , time:  657.8638834953308
0.7050140727613885
0.7419240857263226
1 , time:  129.98285746574402
2 , time:  629.5828740596771
0.6031875150638708
0.6357436773295568
2 , time:  114.86378765106201
3 , time:  654.2651348114014
0.7245952043194871
0.7413640843177659
3 , time:  116.11138796806335
4 , time:  651.1749534606934
0.7362353632538745
0.7665651106917186
4 , time:  113.21317553520203
5 , time:  679.3618545532227
0.7367100903105231
0.7769336253566346
5 , time:  114.42621445655823
6 , time:  693.5438029766083
0.7397915481333742
0.7968423756611317
6 , time:  117.80852222442627
7 , time:  673.5096204280853
0.7412191793526505
0.793190249072602
7 , time:  125.43469214439392
8 , time:  640.5605087280273
0.7329003348186189
0.7710105672757792
8 , time:  111.48711943626404
9 , time:  636.4997706413269
0.7247964266445841
0.7719997131251752
9 , time:  111.72365379333496
10 , time:  643.9199290275574
0.7711225806451613
0.7788117531856612
10 , time:  111.02153444290161
11 , time:  640.9269020557404
0.7306122196900919
0.7499290216342059
11 , time:  111.21575427055359
12 , time:  642.5027678012848
0.7835078318480374
0.7962439754030247
12 , time:  111.78864622116089
13 , time:  646.169885635376
0.7697970955826544
0.8182684763084346
13 , time:  110.92771816253662
14 , time:  652.7311301231384
0.7822927263479146
0.7986981077890168
14 , time:  110.90664911270142
15 , time:  665.6119449138641
0.7264583627533446
0.797360465411681
15 , time:  111.7407910823822
16 , time:  660.2359178066254
0.7690923064476984
0.8063434760185663
16 , time:  111.56870818138123
17 , time:  661.6567466259003
0.7419019778579425
0.7707908445146014
17 , time:  111.43126320838928
18 , time:  688.1152019500732
0.79888240000504
0.8042064862297587
18 , time:  119.51532125473022
19 , time:  717.7161109447479
0.8181310032445629
0.8179266749290159
19 , time:  120.90168118476868
20 , time:  742.659544467926
0.8131993172766926
0.8081788780938087
20 , time:  119.11309051513672
21 , time:  737.3798115253448
0.8152274070449476
0.8159999479803366
21 , time:  114.47383093833923
22 , time:  743.7930400371552
0.8322931573647109
0.8251164466747635
22 , time:  119.95514154434204
23 , time:  715.051787853241
0.8268402570728152
0.8246891214141562
23 , time:  112.98833918571472
24 , time:  700.382655620575
0.8223528797588129
0.8323433079755568
24 , time:  120.47076320648193
25 , time:  760.0338129997253
0.7854040919724444
0.8292636919474438
25 , time:  130.7108347415924
26 , time:  807.0144674777985
0.7546885764588809
0.8120623562484027
26 , time:  132.27418994903564
27 , time:  806.2562613487244
0.7729997893002855
0.8173440738229086
27 , time:  124.58278489112854
28 , time:  755.6768999099731
0.7750860037551823
0.8014477374365193
28 , time:  118.30256843566895
29 , time:  779.4076447486877
0.7974337940146908
0.8289705536224324
29 , time:  116.97910809516907
30 , time:  782.9890427589417
0.7547086319725771
0.8184977178384267
30 , time:  118.78384041786194
31 , time:  757.8332893848419
0.790715630284274
0.8229408113893427
31 , time:  116.8973126411438
32 , time:  733.6785268783569
0.8020404521876553
0.83422272376617
32 , time:  117.71116495132446
33 , time:  714.484539270401
0.7704499481967536
0.8222218013308585
33 , time:  111.27632856369019
34 , time:  708.058881521225
0.818786405540522
0.8395102856666944
34 , time:  111.38906025886536
35 , time:  714.1624419689178
0.8357196490800224
0.8513524128721427
35 , time:  111.11678171157837
36 , time:  715.2836036682129
0.8158998208363512
0.8458069518025585
36 , time:  111.28529930114746
37 , time:  719.1876168251038
0.8211496674787647
0.8499442195931922
37 , time:  111.0409586429596
38 , time:  760.1014792919159
0.7831965784888326
0.8169926315588361
38 , time:  125.75350594520569
39 , time:  783.9203507900238
0.8131608095861445
0.827826164748583
39 , time:  115.56286859512329
40 , time:  754.8523421287537
0.8266616510143724
0.8349168877157255
40 , time:  111.88869071006775
41 , time:  734.6004631519318
0.8384566820486452
0.842794129230446
41 , time:  111.46073818206787
42 , time:  736.0224559307098
0.8539825062832815
0.8514043497207147
42 , time:  111.54862809181213
43 , time:  738.0662693977356
0.8625174390542247
0.8499996659830453
43 , time:  111.54663324356079
44 , time:  743.2952885627747
0.8639100896308963
0.8532685852273482
44 , time:  111.69390535354614
45 , time:  748.7668290138245
0.8606016237642047
0.8512098930481283
45 , time:  111.24939966201782
46 , time:  744.5290307998657
0.8549285813432392
0.851768684120149
46 , time:  111.15231966972351
47 , time:  749.4325029850006
0.8441815877554999
0.8471022693430222
47 , time:  111.70078134536743
48 , time:  758.0937983989716
0.8335317134120277
0.8398968252934357
48 , time:  111.64041042327881
49 , time:  757.8557343482971
0.8141601418703065
0.831146520763915
49 , time:  111.6074652671814
50 , time:  762.2979054450989
0.8055455272183398
0.8440157282042342
50 , time:  112.11432337760925
51 , time:  763.2396116256714
0.7659807205852192
0.8218459457580412
51 , time:  111.84903717041016
52 , time:  768.3245046138763
0.820818921500807
0.8380996280433544
52 , time:  111.8891384601593
53 , time:  769.4729142189026
0.8200004992012779
0.8430307599902876
53 , time:  112.40753197669983
54 , time:  772.3712496757507
0.8406795877994854
0.8544331914729231
54 , time:  111.79035687446594
55 , time:  777.4555938243866
0.8358175146106103
0.8628530428543474
55 , time:  111.35115575790405
56 , time:  779.5367844104767
0.8299951776241762
0.858957673704862
56 , time:  111.86680960655212
57 , time:  782.3595905303955
0.8336994713271578
0.8637742010730114
57 , time:  112.10631132125854
58 , time:  786.784765958786
0.8111826716250369
0.852650499907247
58 , time:  111.78200364112854
59 , time:  792.2815113067627
0.8159159256265157
0.8495210642449906
59 , time:  112.2996187210083
60 , time:  791.7991316318512
0.7939831782435304
0.8325044607266239
60 , time:  111.91464853286743
61 , time:  798.2307522296906
0.8051972116263171
0.8351120529935788
61 , time:  111.21389627456665
62 , time:  797.5727727413177
0.8100262859078676
0.8466247877325366
62 , time:  111.91068887710571
63 , time:  805.0116376876831
0.8386307752873526
0.8553558821641744
63 , time:  112.09433269500732
64 , time:  804.1476209163666
0.8484469980847698
0.8658786651864429
64 , time:  111.62192106246948
65 , time:  804.6173667907715
0.8639398778025574
0.8680223650957849
65 , time:  111.76405143737793
66 , time:  809.8344349861145
0.8558637299460048
0.8665504167822561
66 , time:  111.9864571094513
67 , time:  815.3660368919373
0.8765908861949696
0.8703668189843868
67 , time:  111.64935398101807
68 , time:  814.6106851100922
0.8685737292666346
0.8606730602035766
68 , time:  111.77103304862976
69 , time:  817.9837961196899
0.8738555231795396
0.8505085161132214
69 , time:  111.94783306121826
70 , time:  916.0815269947052
0.8580331397743731
0.8408649074867109
70 , time:  137.7858121395111
71 , time:  1041.2666866779327
0.881382187285562
0.8518598150935283
71 , time:  138.3617389202118
72 , time:  1026.574690580368
0.8757260390499355
0.8507742588654169
72 , time:  135.47452640533447
73 , time:  1003.1866750717163
0.8867476983690918
0.8581110154905336
73 , time:  139.93181324005127
74 , time:  1051.83571767807
0.8808437742764377
0.8552673602381066
74 , time:  138.6789152622223
75 , time:  993.4064846038818
0.8894614051459805
0.8560468525167763
75 , time:  122.93411636352539
76 , time:  963.4630439281464
0.8838968833755523
0.8553128380263005
76 , time:  121.77645754814148
77 , time:  1028.9083161354065
0.8870213309318674
0.8580841153041248
77 , time:  136.87710094451904
78 , time:  1040.7405893802643
0.8742780016275977
0.8552198156713327
78 , time:  135.0749831199646
79 , time:  1005.2924554347992
0.871229629237218
0.8508448735865837
79 , time:  120.66424560546875
80 , time:  918.5799715518951
0.8634404218489978
0.8556077316427383
80 , time:  123.12416505813599
81 , time:  918.4019179344177
0.8803059222909828
0.8552536571015965
81 , time:  117.3351457118988
82 , time:  907.8476548194885
0.882952970280613
0.8532432670006964
82 , time:  119.27000308036804
83 , time:  917.785070180893
0.8971436668758477
0.8608013161975915
83 , time:  119.38067817687988
84 , time:  916.5145170688629
0.896554737068502
0.8567635445394138
84 , time:  116.15331745147705
85 , time:  911.7884006500244
0.9007842532151699
0.8517836765744715
85 , time:  119.45317578315735
86 , time:  922.7931122779846
0.8922339875330049
0.8436718273468073
86 , time:  118.41828489303589
87 , time:  968.8513281345367
0.8762195662400883
0.8292468147169707
87 , time:  118.54790592193604
88 , time:  928.7582399845123
0.8742898252549905
0.8378299339622
88 , time:  115.45517897605896
89 , time:  909.3347313404083
0.8765041420595409
0.8354891278407734
89 , time:  114.89863657951355
90 , time:  913.0826756954193
0.8952232875529066
0.8497434512557386
90 , time:  114.77001190185547
91 , time:  965.4409956932068
0.9085229838193373
0.8572858777378228
91 , time:  119.29864883422852
92 , time:  966.6516439914703
0.9046476620566375
0.8562169294176857
92 , time:  122.57912349700928
93 , time:  1011.2764298915863
0.913854571480171
0.8605845689497655
93 , time:  130.90777730941772
94 , time:  999.1600561141968
0.8964256342986862
0.841453690592392
94 , time:  131.44111037254333
95 , time:  990.0763795375824
0.9023432028441266
0.8503252473234856
95 , time:  119.55220437049866
96 , time:  935.4608182907104
0.8873224169585453
0.8385811901246437
96 , time:  115.09414386749268
97 , time:  972.912458896637
0.8950869067512269
0.8503916939421581
97 , time:  120.38898158073425
98 , time:  980.7077913284302
0.8976256510857066
0.8449423719051896
98 , time:  120.50167965888977
99 , time:  981.4039285182953
0.9091892537630413
0.8581522472668376
99 , time:  120.76896595954895
0 , time:  437.50874614715576
0.7150141731545616
0.7150141731545616
0 , time:  81.68251466751099
1 , time:  463.374559879303
0.7624357962647617
0.7412993200105253
1 , time:  79.53027105331421
2 , time:  475.1886565685272
0.7125176733633644
0.7070259499354365
2 , time:  81.40824818611145
3 , time:  481.94343972206116
0.7507405184597216
0.7352488588312881
3 , time:  82.05503225326538
4 , time:  492.48042035102844
0.748437843642056
0.7195969242378901
4 , time:  81.22525095939636
5 , time:  482.5572497844696
0.7905888037190353
0.7676055419297605
5 , time:  80.61536908149719
6 , time:  490.0023350715637
0.7233998350572578
0.7016131064902331
6 , time:  80.71211075782776
7 , time:  494.0824222564697
0.7823368251410153
0.7465186421099916
7 , time:  80.59242963790894
8 , time:  499.23364448547363
0.7808339429407462
0.7460115806206549
8 , time:  80.39296317100525
9 , time:  505.39316844940186
0.8245346155095676
0.77721747369924
9 , time:  80.41590213775635
10 , time:  508.03410625457764
0.8116852613035819
0.7622896194856784
10 , time:  80.81483340263367
11 , time:  513.8704929351807
0.8546453877226674
0.8066068418048347
11 , time:  80.70911812782288
12 , time:  519.6410579681396
0.8332146114465652
0.7683142276476761
12 , time:  81.0811231136322
13 , time:  526.1336905956268
0.8537655246462966
0.7939562963449045
13 , time:  80.616366147995
14 , time:  529.8946313858032
0.8749701567764013
0.8218002897447709
14 , time:  80.51962471008301
15 , time:  534.6668672561646
0.8763924868275988
0.8135074112727744
15 , time:  80.8028666973114
16 , time:  542.5009121894836
0.8869161978741932
0.8341119214625371
16 , time:  80.86370468139648
17 , time:  546.7954246997833
0.862953514739229
0.8099904872056337
17 , time:  80.97640299797058
18 , time:  553.8794763088226
0.9079247729326004
0.8589180050718512
18 , time:  80.7260730266571
19 , time:  557.1676814556122
0.8876528703826018
0.8386909974294512
19 , time:  79.48738503456116
20 , time:  563.4598512649536
0.8620606411741986
0.8083876187420664
20 , time:  80.38797640800476
21 , time:  566.6283764839172
0.9087138052606292
0.8719103448275862
21 , time:  80.79987454414368
22 , time:  574.5302405357361
0.9140619721355117
0.8689054880782415
22 , time:  81.5129668712616
23 , time:  996.4262900352478
0.9125719329697625
0.8624350860963353
23 , time:  125.61101341247559
24 , time:  647.5001938343048
0.9106988872715733
0.8611528503805916
24 , time:  82.18811225891113
25 , time:  601.5303378105164
0.8985759248401033
0.8403893812599971
25 , time:  80.99653124809265
26 , time:  600.7646291255951
0.9190957763236169
0.8752445000449258
26 , time:  80.79345226287842
27 , time:  592.7913935184479
0.921579878544446
0.8685550225832429
27 , time:  80.1078052520752
28 , time:  600.9740731716156
0.8988312533605003
0.8520046828929873
28 , time:  80.57015991210938
29 , time:  606.7250311374664
0.8789619731400784
0.8178923086344986
29 , time:  79.86257910728455
30 , time:  605.6729145050049
0.8792224116032825
0.834424851944726
30 , time:  81.0339138507843
31 , time:  622.9417541027069
0.9064514435006368
0.8751082683723099
31 , time:  81.37144136428833
32 , time:  631.3980333805084
0.8916977185068968
0.832641328648994
32 , time:  81.37144303321838
33 , time:  631.4084508419037
0.8994501490559788
0.8430850523320801
33 , time:  80.76904082298279
34 , time:  635.5167324542999
0.9133658987930824
0.8530019109751573
34 , time:  80.90964937210083
35 , time:  642.4463419914246
0.9122773571545291
0.8553717569214696
35 , time:  80.87853860855103
36 , time:  647.7774682044983
0.9194302764633988
0.8642668404858527
36 , time:  81.05018782615662
37 , time:  652.9550092220306
0.9139314818235934
0.8575279384511709
37 , time:  79.31609797477722
38 , time:  649.6187708377838
0.9124243051429105
0.8578073950794961
38 , time:  80.80076360702515
39 , time:  663.0952198505402
0.8829824091203253
0.8228515794317114
39 , time:  79.30302500724792
40 , time:  668.5243775844574
0.9083795218261126
0.8734702593052275
40 , time:  80.68238377571106
41 , time:  673.5647120475769
0.9166749428940312
0.8666085086526952
41 , time:  79.28522658348083
42 , time:  674.8849248886108
0.9118209228449901
0.8512969774065983
42 , time:  80.98742413520813
43 , time:  689.2393698692322
0.9164789108565089
0.8647947921995109
43 , time:  79.64405965805054
44 , time:  691.3588030338287
0.9060908037795363
0.8568205521145946
44 , time:  80.61708855628967
45 , time:  697.1380660533905
0.9181823016379493
0.876262811983927
45 , time:  80.26806926727295
46 , time:  700.0060420036316
0.9104654494308858
0.86278333246087
46 , time:  80.98712515830994
47 , time:  710.0274012088776
0.8748642203839752
0.8143784407685275
47 , time:  80.39416003227234
48 , time:  716.8285233974457
0.846017721486987
0.8132900124621684
48 , time:  80.67051029205322
49 , time:  715.0099732875824
0.8452638688135529
0.7991768459606925
49 , time:  81.20644068717957
50 , time:  728.4342920780182
0.8538498923835313
0.8133249568085441
50 , time:  80.25330901145935
51 , time:  725.9301147460938
0.8474658623387769
0.7813855255571432
51 , time:  80.68656492233276
52 , time:  741.4021420478821
0.8999604407291876
0.85224142735857
52 , time:  79.34051942825317
53 , time:  746.2658522129059
0.9201559620208526
0.8678380391814711
53 , time:  79.34713959693909
54 , time:  740.7785232067108
0.9275419545903257
0.8761040490457552
54 , time:  81.34205627441406
55 , time:  757.2270786762238
0.9261112443880873
0.8705664335664336
55 , time:  81.14338183403015
56 , time:  762.8138258457184
0.9247806445411729
0.8743598163817137
56 , time:  81.20607781410217
57 , time:  771.0381798744202
0.931511427265845
0.873213188899436
57 , time:  80.77318620681763
58 , time:  765.3271596431732
0.9332697936311588
0.879341738626645
58 , time:  73.95335459709167
59 , time:  715.696831703186
0.9313481991575882
0.8746433778137404
59 , time:  73.30255365371704
60 , time:  720.2333078384399
0.9349656893325016
0.8754449877411937
60 , time:  73.37574028968811
61 , time:  725.7760684490204
0.9305945724805673
0.8745514207917335
61 , time:  73.4081380367279
62 , time:  729.7736732959747
0.9324331655974066
0.8580179575396493
62 , time:  73.39591026306152
63 , time:  741.960102558136
0.932159661069884
0.8737223227962679
63 , time:  73.27104449272156
64 , time:  741.1738319396973
0.9313547138700952
0.8750896294388327
64 , time:  73.3015284538269
65 , time:  745.4246666431427
0.9351474076584209
0.8507817834941955
65 , time:  73.22304129600525
66 , time:  750.7647275924683
0.9357994517736338
0.8739858485672193
66 , time:  73.33264088630676
67 , time:  756.5731573104858
0.9330499035614355
0.8755610295806108
67 , time:  73.46936750411987
68 , time:  762.0797197818756
0.9313686870058953
0.8520221622229722
68 , time:  73.2660927772522
69 , time:  767.0027465820312
0.9327258125986824
0.872162643658085
69 , time:  73.45356631278992
70 , time:  772.03666639328
0.9323581687062045
0.8653481687658664
70 , time:  73.04751825332642
71 , time:  776.8221895694733
0.9290755406015346
0.8734784315925281
71 , time:  73.44230771064758
72 , time:  783.1190183162689
0.9339976442236092
0.8441263733553211
72 , time:  73.3953149318695
73 , time:  787.0907821655273
0.9352906255059636
0.8787541559240494
73 , time:  73.09889554977417
74 , time:  794.3418126106262
0.9352875920260867
0.8811098065871593
74 , time:  73.1142692565918
75 , time:  797.5137906074524
0.9381136068362331
0.8691592640466433
75 , time:  73.48908710479736
76 , time:  803.0922617912292
0.9362353889560661
0.8801106565254401
76 , time:  73.39546060562134
77 , time:  808.234227180481
0.9370212823239598
0.8737265248893156
77 , time:  73.3685212135315
78 , time:  833.0991995334625
0.9313656196055511
0.8725275796746156
78 , time:  76.24892258644104
79 , time:  848.372968673706
0.92660140206526
0.8433980187271
79 , time:  75.90971040725708
80 , time:  855.9047486782074
0.9280636482539424
0.8725375869393195
80 , time:  76.00462222099304
81 , time:  857.4432337284088
0.9035907917526594
0.8427987555664003
81 , time:  76.05700659751892
82 , time:  865.300163269043
0.9296116504854369
0.8879639078360814
82 , time:  75.70098447799683
83 , time:  868.7950191497803
0.93103402865571
0.8804182954127827
83 , time:  76.22373461723328
84 , time:  880.2708959579468
0.9286957783258378
0.8663786421508826
84 , time:  76.1277072429657
85 , time:  878.7608926296234
0.9268788972760091
0.8605422090994498
85 , time:  75.78148293495178
86 , time:  886.8121247291565
0.9136891681808342
0.8548752228759173
86 , time:  76.4240894317627
87 , time:  891.4755749702454
0.8731442427994686
0.8352089926593216
87 , time:  76.39099287986755
88 , time:  901.6280524730682
0.9189823432430995
0.8824370210310164
88 , time:  76.13210391998291
89 , time:  904.5605652332306
0.909418801077478
0.8585685470581256
89 , time:  76.24535346031189
90 , time:  909.0135447978973
0.9169455191885392
0.8731026630567894
90 , time:  75.71750521659851
91 , time:  914.1261384487152
0.9119663416066012
0.8627014678014672
91 , time:  76.26880025863647
92 , time:  924.8423404693604
0.9059310597822526
0.8544568152493449
92 , time:  76.0950779914856
93 , time:  923.9368577003479
0.9239834112164889
0.8842842842842843
93 , time:  76.34634566307068
94 , time:  932.7293126583099
0.9271935490314891
0.8808748444819123
94 , time:  76.21210169792175
95 , time:  937.3016347885132
0.9272053382751931
0.8768503079593017
95 , time:  76.27457046508789
96 , time:  960.8522503376007
0.9176240445827759
0.8607929515418502
96 , time:  73.63888907432556
97 , time:  1355.3407011032104
0.9041139961661685
0.835794877426085
97 , time:  97.69414019584656
98 , time:  1152.3674638271332
0.8590106633903405
0.7990098877247515
98 , time:  80.71511483192444
99 , time:  977.9765288829803
0.9211570848330747
0.894380127983856
99 , time:  74.15438389778137
0 , time:  686.4499242305756
0.6540625689171734
0.6540625689171734
0 , time:  148.96217226982117
1 , time:  776.9749698638916
0.6405929575351373
0.6371965185524507
1 , time:  154.64706254005432
2 , time:  782.1629605293274
0.6691927650309831
0.6577706684627042
2 , time:  148.18223357200623
3 , time:  787.6684420108795
0.7365516389900612
0.7207272997326468
3 , time:  153.1231827735901
4 , time:  818.6034660339355
0.7632441738293859
0.7483733095177341
4 , time:  149.32326555252075
5 , time:  816.5020756721497
0.7663746009445619
0.7446851602205049
5 , time:  151.4380452632904
6 , time:  818.6541402339935
0.7937474782970859
0.7708877114220087
6 , time:  158.00221276283264
7 , time:  813.5457060337067
0.7860085649088806
0.7658499987390613
7 , time:  145.39983224868774
8 , time:  783.6617612838745
0.7997033884643905
0.7766996563218688
8 , time:  145.46149230003357
9 , time:  782.5030558109283
0.7357901272507197
0.7092839915492432
9 , time:  146.46108222007751
10 , time:  785.4100458621979
0.7186081980437632
0.6820029759495956
10 , time:  144.23484778404236
11 , time:  790.9076952934265
0.769761824763378
0.730874660496932
11 , time:  145.89038252830505
12 , time:  859.0587074756622
0.8167831723436706
0.7848079615352942
12 , time:  157.3560745716095
13 , time:  836.687691450119
0.8338825913007797
0.7961905371662719
13 , time:  151.85960340499878
14 , time:  853.752524137497
0.8474897086658989
0.8096753702208753
14 , time:  154.9427809715271
15 , time:  843.5315277576447
0.8520539382613961
0.8160162983858329
15 , time:  148.4451549053192
16 , time:  863.3276453018188
0.8355851798474749
0.7998049940229333
16 , time:  154.15852761268616
17 , time:  918.3632364273071
0.8351768671138637
0.7928176431863068
17 , time:  161.6611328125
0.















.

18 , time:  882.1582243442535
0.7895797767564018
0.7462001925929782
18 , time:  144.34592533111572
19 , time:  824.4872732162476
0.743571589684469
0.7122202884137245
19 , time:  156.23551082611084
20 , time:  844.3279039859772
0.7677570613780049
0.7287902760913026
20 , time:  142.12275385856628
21 , time:  821.385960817337
0.8247754936011765
0.7935891844744876
21 , time:  140.8599865436554
22 , time:  821.633710861206
0.8411095912758668
0.8043968009612136
22 , time:  141.24268746376038
23 , time:  828.2550365924835
0.8224565795650133
0.7756315926150346
23 , time:  140.84966325759888
24 , time:  829.3189198970795
0.8428511769424024
0.8091478589204497
24 , time:  142.0391023159027
25 , time:  837.2167024612427
0.828984863140833
0.7914736897192349
25 , time:  141.43823504447937
26 , time:  841.8906469345093
0.827860152660112
0.7861259998611084
26 , time:  141.09642148017883
27 , time:  846.015463590622
0.8597827649220787
0.8350424401352564
27 , time:  141.34703063964844
28 , time:  850.3505213260651
0.8351495989530017
0.7909581760413756
28 , time:  140.7998983860016
29 , time:  857.1618287563324
0.8654065958573778
0.8357654437836387
29 , time:  141.40266966819763
30 , time:  861.1768622398376
0.8660809479466105
0.835228160782848
30 , time:  141.47129917144775
31 , time:  868.9950532913208
0.8624825737626529
0.822011719669804
31 , time:  141.20621013641357
32 , time:  873.587324142456
0.8808097584883056
0.8375664825172425
32 , time:  141.51803421974182
33 , time:  884.5177993774414
0.867190965119589
0.8223175455062195
33 , time:  140.79913997650146
34 , time:  881.1593790054321
0.8864061999877417
0.8469987421729478
34 , time:  141.74572658538818
35 , time:  890.0837697982788
0.8827212353976637
0.8386453377895773
35 , time:  140.9428265094757
36 , time:  890.8310132026672
0.8899846942170759
0.8457134399451018
36 , time:  140.71727752685547
37 , time:  896.7554233074188
0.8841746587541081
0.8401136510396487
37 , time:  141.40873789787292
38 , time:  903.2273638248444
0.8841932308019796
0.8362762883827185
38 , time:  141.86133861541748
39 , time:  911.2451059818268
0.8835866755099555
0.8398992353661959
39 , time:  140.87288856506348
40 , time:  911.5825083255768
0.872286579002296
0.8214804540883066
40 , time:  141.06468057632446
41 , time:  916.9762258529663
0.8717176862872227
0.8294106282767856
41 , time:  141.7520453929901
42 , time:  921.4849746227264
0.8850473358624696
0.8505783728029794
42 , time:  142.24940538406372
43 , time:  934.3148941993713
0.8706101390464078
0.8218754133051184
43 , time:  141.46266674995422
44 , time:  933.1242477893829
0.890430839608887
0.844042833496605
44 , time:  141.4009804725647
45 , time:  940.7303564548492
0.8956892866593837
0.8526676050895642
45 , time:  142.23240685462952
46 , time:  943.4216952323914
0.898567848921303
0.8607044170412834
46 , time:  141.22537279129028
47 , time:  946.6686277389526
0.8826377457151157
0.8535224592866733
47 , time:  141.26401710510254
48 , time:  951.7742385864258
0.8757419620774938
0.8436875134054286
48 , time:  141.2679123878479
49 , time:  959.0706734657288
0.905409629979447
0.8743396959086253
49 , time:  141.42452812194824
50 , time:  963.2447283267975
0.9052922209053651
0.8686983650897795
50 , time:  141.12264275550842
51 , time:  966.8483171463013
0.9126450947427646
0.8768378378378379
51 , time:  141.74534106254578
52 , time:  972.9920220375061
0.9022974013671275
0.8583036547837212
52 , time:  141.38848400115967
53 , time:  983.4272847175598
0.9095535106113019
0.8727191660980766
53 , time:  141.45173239707947
54 , time:  982.8769743442535
0.9134486090558337
0.8701795440238662
54 , time:  141.4554798603058
55 , time:  992.1121208667755
0.9128176877238007
0.8715901756293101
55 , time:  141.59611129760742
56 , time:  992.7191095352173
0.9142246190674718
0.8700457628503718
56 , time:  142.36582970619202
57 , time:  996.4906103610992
0.9058986206198779
0.8590585229562734
57 , time:  141.1239800453186
58 , time:  1072.9438498020172
0.8953517258975271
0.8495220749342682
58 , time:  156.58808541297913
59 , time:  1098.2411088943481
0.8936457532506602
0.854547182233444
59 , time:  155.603942155838
60 , time:  1102.037086725235
0.8923243358754157
0.8555690475059866
60 , time:  155.16654443740845
61 , time:  1106.2860887050629
0.9106972238441531
0.8755415544375559
61 , time:  155.71329021453857
62 , time:  1109.4415917396545
0.9228043754496131
0.8925611969518785
62 , time:  155.8695046901703
63 , time:  1113.6437284946442
0.9126675019065258
0.880888901104942
63 , time:  155.7913956642151
64 , time:  1121.235687494278
0.9066712025854737
0.8680278953098943
64 , time:  156.08820223808289
65 , time:  1127.2811415195465
0.8910016449261137
0.8438798381806254
65 , time:  155.49458861351013
66 , time:  1129.5618517398834
0.9040903063479651
0.8667560782695416
66 , time:  156.27565622329712
67 , time:  1141.762098789215
0.8909367359099222
0.8543078345592802
67 , time:  155.58832049369812
68 , time:  1141.7933418750763
0.8868325682532012
0.8535448279695403
68 , time:  155.7913966178894
69 , time:  1147.6513357162476
0.9078832940551664
0.8722024110493121
69 , time:  156.4162495136261
70 , time:  1161.163775920868
0.9057364217145979
0.8787480907848549
70 , time:  155.55707716941833
71 , time:  1084.3177697658539
0.8887748006524692
0.8534535512010937
71 , time:  142.0915286540985
72 , time:  1072.5909161567688
0.8988668422357584
0.8714246192670765
72 , time:  141.35729384422302
73 , time:  1137.5913970470428
0.89067121877484
0.8558110017795457
73 , time:  155.76015448570251
74 , time:  1174.7230792045593
0.9075933490284457
0.8749109172973156
74 , time:  155.3227572441101
75 , time:  1166.6624801158905
0.902460550239552
0.8625905997890763
75 , time:  155.19778609275818
76 , time:  1193.7484312057495
0.9057827357951682
0.8670405333406194
76 , time:  155.72891116142273
77 , time:  1187.4075899124146
0.8984659791579147
0.8615685814933028
77 , time:  155.66145992279053
78 , time:  1202.1232302188873
0.9032607298242765
0.8589853115440792
78 , time:  157.75968384742737
79 , time:  1204.4973113536835
0.9145968108720887
0.8696344278675533
79 , time:  156.1506862640381
80 , time:  1206.8717510700226
0.9243715064942079
0.8845389412142365
80 , time:  156.01009559631348
81 , time:  1224.844048500061
0.9229751688758175
0.8875213117872014
81 , time:  155.8070206642151
82 , time:  1213.833915233612
0.9285862181820611
0.8967274443058879
82 , time:  155.11473512649536
83 , time:  1221.4312324523926
0.9238563652633774
0.8908137338822538
83 , time:  155.4945912361145
84 , time:  1235.0521564483643
0.9241626261876985
0.889663269555008
84 , time:  155.8382604122162
85 , time:  1229.663253068924
0.9202171476414903
0.8845664312695024
85 , time:  156.3487992286682
86 , time:  1237.4582891464233
0.8956579471517727
0.8512436480342338
86 , time:  155.02045512199402
87 , time:  1273.864260673523
0.847215232069441
0.8106084140255791
87 , time:  156.9322350025177
88 , time:  1272.15305185318
0.8850482205459084
0.8625182576409081
88 , time:  155.7289113998413
89 , time:  1271.961858510971
0.8391861779020661
0.806023600873169
89 , time:  155.71329188346863
90 , time:  1266.0765430927277
0.8857659582684362
0.8606539982637215
90 , time:  155.68204951286316
91 , time:  1268.919626235962
0.8949484762680527
0.8619193367169037
91 , time:  155.760151386261
92 , time:  1280.9413421154022
0.883363004651697
0.846943314692425
92 , time:  155.24465131759644
93 , time:  1283.6838238239288
0.8326013513513514
0.8029631481886663
93 , time:  155.91636896133423
94 , time:  1402.6035318374634
0.7844095672423831
0.7421521590130227
94 , time:  162.823477268219
95 , time:  1380.808897972107
0.8098332753084987
0.7736615007531851
95 , time:  155.87805485725403
96 , time:  1349.0501265525818
0.8142182709993869
0.7695653487177938
96 , time:  161.66119146347046
97 , time:  1346.2919368743896
0.8416462216284955
0.8010054461667365
97 , time:  154.87872791290283
98 , time:  1321.418641090393
0.8641505618261562
0.8247269364393012
98 , time:  158.30655908584595
99 , time:  1407.4604797363281
0.8919783140774271
0.8613899791588595
99 , time:  159.13984990119934
[[[0.66663113 0.75091013 0.67275259 0.7350603  0.68318493 0.73824326
   0.70769643 0.71820856 0.7042916  0.77619993 0.79081896 0.79809065
   0.79640494 0.81572758 0.804928   0.77826927 0.81039541 0.82296657
   0.82187498 0.78734287 0.80410745 0.78958881 0.79948795 0.81055416
   0.8371901  0.8295084  0.81154995 0.82759814 0.84367543 0.83625707
   0.83579053 0.838519   0.86038796 0.85422753 0.84454558 0.79236986
   0.82127048 0.83436333 0.82319418 0.80658453 0.79221983 0.8104867
   0.79545331 0.78468362 0.82090784 0.81969775 0.84227749 0.85836715
   0.84630354 0.85905134 0.86285318 0.87756863 0.87844959 0.88707811
   0.89266371 0.887565   0.8871841  0.88940287 0.88767057 0.8829658
   0.86761281 0.85656669 0.85730568 0.87275939 0.86791185 0.84971407
   0.82853636 0.83549312 0.81232194 0.83218782 0.8604377  0.87912187
   0.8881265  0.89193168 0.86201229 0.89151773 0.89456463 0.89320155
   0.8914224  0.88309969 0.88262969 0.84551013 0.88419897 0.88442473
   0.86067669 0.88145596 0.89230534 0.90097965 0.9013815  0.89942039
   0.89885676 0.898952   0.8974689  0.89745057 0.89436077 0.89465672
   0.8936489  0.89483579 0.86493913 0.84808923]
  [0.66663113 0.73472123 0.65113879 0.70724512 0.63313015 0.69568249
   0.64705189 0.67423452 0.63139001 0.72340181 0.72248965 0.73568941
   0.73216038 0.75389158 0.73146299 0.69779315 0.74527519 0.75703558
   0.75202708 0.70302669 0.73602231 0.69177771 0.72883525 0.72489012
   0.75680587 0.75590929 0.73465187 0.73932794 0.76293683 0.75889283
   0.74743486 0.75496327 0.79617781 0.79716801 0.76968933 0.68783065
   0.73605533 0.75569066 0.73317361 0.72003527 0.68352602 0.73828171
   0.68634092 0.70357927 0.71754502 0.73044295 0.74834018 0.78675669
   0.75529819 0.79135942 0.78019078 0.81310967 0.82236529 0.83117989
   0.8350473  0.831899   0.82664437 0.82700724 0.82587357 0.81543314
   0.79094597 0.78182586 0.77493365 0.79670511 0.77859655 0.75687527
   0.7148601  0.74799885 0.71662984 0.74202011 0.77180657 0.80335225
   0.81874179 0.82659343 0.78779959 0.8207488  0.83291886 0.83387312
   0.82981084 0.81201552 0.81876431 0.77249429 0.80628875 0.80600759
   0.77342909 0.80561395 0.8186231  0.8293209  0.83513858 0.83694508
   0.83956417 0.84243082 0.8402291  0.84310249 0.83776822 0.83285022
   0.82708524 0.826523   0.76527163 0.74485932]]

 [[0.70904061 0.74842485 0.6871949  0.72230333 0.70044754 0.7490476
   0.68883334 0.74504932 0.73702754 0.78036274 0.71388064 0.77433328
   0.75050748 0.74711716 0.7656872  0.77979728 0.782904   0.82176866
   0.82699367 0.80879521 0.84587465 0.84708506 0.82887227 0.82239961
   0.84511752 0.82245174 0.83186958 0.81180185 0.85296232 0.85620208
   0.8375482  0.8488544  0.83425139 0.85191243 0.83565607 0.80563547
   0.84258664 0.86733207 0.82595553 0.85336038 0.84707419 0.86511568
   0.86663207 0.84229467 0.85628397 0.84477718 0.87521775 0.88300303
   0.87874324 0.88342706 0.884704   0.88305376 0.82518169 0.83335238
   0.83087515 0.80438494 0.77389119 0.83498459 0.83621919 0.86398052
   0.88362691 0.89087105 0.89943204 0.90035694 0.88770292 0.87798428
   0.91613102 0.9107904  0.89811538 0.89502552 0.91649518 0.9162105
   0.90936988 0.9155841  0.91841207 0.90814515 0.89422621 0.90937022
   0.89381433 0.91345264 0.90742723 0.88509251 0.91802139 0.90995811
   0.90586444 0.91483307 0.91239589 0.87372891 0.92189306 0.9037594
   0.90116702 0.92123867 0.91809808 0.92057363 0.90870038 0.9084379
   0.92179964 0.92513304 0.91750837 0.91016725]
  [0.70904061 0.73064432 0.68873531 0.71158178 0.67230938 0.7270316
   0.66237047 0.70803229 0.70633338 0.74485127 0.66962753 0.73607686
   0.71489474 0.69096308 0.71903877 0.72633419 0.73339978 0.7676348
   0.76433906 0.74371853 0.79172801 0.79399385 0.75922938 0.75317526
   0.79741795 0.75764187 0.77562251 0.74530964 0.78778663 0.7873386
   0.75355199 0.78124759 0.75700276 0.79323494 0.75845607 0.73359706
   0.77520935 0.79548078 0.74707503 0.77882496 0.77066692 0.80712399
   0.79588326 0.74964106 0.78376929 0.75727372 0.80624768 0.80528236
   0.80720294 0.77165022 0.76376652 0.78338188 0.70747022 0.77816258
   0.78283744 0.72963785 0.70732167 0.77769599 0.75224927 0.79679299
   0.80865372 0.81220607 0.82564477 0.81060632 0.78449899 0.78844293
   0.86004921 0.85743042 0.8465153  0.79310156 0.86300728 0.85571313
   0.85182093 0.80285906 0.84965651 0.85224838 0.76810534 0.85530693
   0.81620013 0.85484351 0.84063644 0.77556867 0.86191203 0.85810616
   0.80393972 0.82830923 0.82490501 0.80798402 0.86505795 0.8343192
   0.80189656 0.85479861 0.85826934 0.84656535 0.85527781 0.79822149
   0.87074118 0.86506854 0.85343625 0.84355902]]

 [[0.68886627 0.70501407 0.60318752 0.7245952  0.73623536 0.73671009
   0.73979155 0.74121918 0.73290033 0.72479643 0.77112258 0.73061222
   0.78350783 0.7697971  0.78229273 0.72645836 0.76909231 0.74190198
   0.7988824  0.818131   0.81319932 0.81522741 0.83229316 0.82684026
   0.82235288 0.78540409 0.75468858 0.77299979 0.775086   0.79743379
   0.75470863 0.79071563 0.80204045 0.77044995 0.81878641 0.83571965
   0.81589982 0.82114967 0.78319658 0.81316081 0.82666165 0.83845668
   0.85398251 0.86251744 0.86391009 0.86060162 0.85492858 0.84418159
   0.83353171 0.81416014 0.80554553 0.76598072 0.82081892 0.8200005
   0.84067959 0.83581751 0.82999518 0.83369947 0.81118267 0.81591593
   0.79398318 0.80519721 0.81002629 0.83863078 0.848447   0.86393988
   0.85586373 0.87659089 0.86857373 0.87385552 0.85803314 0.88138219
   0.87572604 0.8867477  0.88084377 0.88946141 0.88389688 0.88702133
   0.874278   0.87122963 0.86344042 0.88030592 0.88295297 0.89714367
   0.89655474 0.90078425 0.89223399 0.87621957 0.87428983 0.87650414
   0.89522329 0.90852298 0.90464766 0.91385457 0.89642563 0.9023432
   0.88732242 0.89508691 0.89762565 0.90918925]
  [0.68886627 0.74192409 0.63574368 0.74136408 0.76656511 0.77693363
   0.79684238 0.79319025 0.77101057 0.77199971 0.77881175 0.74992902
   0.79624398 0.81826848 0.79869811 0.79736047 0.80634348 0.77079084
   0.80420649 0.81792667 0.80817888 0.81599995 0.82511645 0.82468912
   0.83234331 0.82926369 0.81206236 0.81734407 0.80144774 0.82897055
   0.81849772 0.82294081 0.83422272 0.8222218  0.83951029 0.85135241
   0.84580695 0.84994422 0.81699263 0.82782616 0.83491689 0.84279413
   0.85140435 0.84999967 0.85326859 0.85120989 0.85176868 0.84710227
   0.83989683 0.83114652 0.84401573 0.82184595 0.83809963 0.84303076
   0.85443319 0.86285304 0.85895767 0.8637742  0.8526505  0.84952106
   0.83250446 0.83511205 0.84662479 0.85535588 0.86587867 0.86802237
   0.86655042 0.87036682 0.86067306 0.85050852 0.84086491 0.85185982
   0.85077426 0.85811102 0.85526736 0.85604685 0.85531284 0.85808412
   0.85521982 0.85084487 0.85560773 0.85525366 0.85324327 0.86080132
   0.85676354 0.85178368 0.84367183 0.82924681 0.83782993 0.83548913
   0.84974345 0.85728588 0.85621693 0.86058457 0.84145369 0.85032525
   0.83858119 0.85039169 0.84494237 0.85815225]]

 [[0.71501417 0.7624358  0.71251767 0.75074052 0.74843784 0.7905888
   0.72339984 0.78233683 0.78083394 0.82453462 0.81168526 0.85464539
   0.83321461 0.85376552 0.87497016 0.87639249 0.8869162  0.86295351
   0.90792477 0.88765287 0.86206064 0.90871381 0.91406197 0.91257193
   0.91069889 0.89857592 0.91909578 0.92157988 0.89883125 0.87896197
   0.87922241 0.90645144 0.89169772 0.89945015 0.9133659  0.91227736
   0.91943028 0.91393148 0.91242431 0.88298241 0.90837952 0.91667494
   0.91182092 0.91647891 0.9060908  0.9181823  0.91046545 0.87486422
   0.84601772 0.84526387 0.85384989 0.84746586 0.89996044 0.92015596
   0.92754195 0.92611124 0.92478064 0.93151143 0.93326979 0.9313482
   0.93496569 0.93059457 0.93243317 0.93215966 0.93135471 0.93514741
   0.93579945 0.9330499  0.93136869 0.93272581 0.93235817 0.92907554
   0.93399764 0.93529063 0.93528759 0.93811361 0.93623539 0.93702128
   0.93136562 0.9266014  0.92806365 0.90359079 0.92961165 0.93103403
   0.92869578 0.9268789  0.91368917 0.87314424 0.91898234 0.9094188
   0.91694552 0.91196634 0.90593106 0.92398341 0.92719355 0.92720534
   0.91762404 0.904114   0.85901066 0.92115708]
  [0.71501417 0.74129932 0.70702595 0.73524886 0.71959692 0.76760554
   0.70161311 0.74651864 0.74601158 0.77721747 0.76228962 0.80660684
   0.76831423 0.7939563  0.82180029 0.81350741 0.83411192 0.80999049
   0.85891801 0.838691   0.80838762 0.87191034 0.86890549 0.86243509
   0.86115285 0.84038938 0.8752445  0.86855502 0.85200468 0.81789231
   0.83442485 0.87510827 0.83264133 0.84308505 0.85300191 0.85537176
   0.86426684 0.85752794 0.8578074  0.82285158 0.87347026 0.86660851
   0.85129698 0.86479479 0.85682055 0.87626281 0.86278333 0.81437844
   0.81329001 0.79917685 0.81332496 0.78138553 0.85224143 0.86783804
   0.87610405 0.87056643 0.87435982 0.87321319 0.87934174 0.87464338
   0.87544499 0.87455142 0.85801796 0.87372232 0.87508963 0.85078178
   0.87398585 0.87556103 0.85202216 0.87216264 0.86534817 0.87347843
   0.84412637 0.87875416 0.88110981 0.86915926 0.88011066 0.87372652
   0.87252758 0.84339802 0.87253759 0.84279876 0.88796391 0.8804183
   0.86637864 0.86054221 0.85487522 0.83520899 0.88243702 0.85856855
   0.87310266 0.86270147 0.85445682 0.88428428 0.88087484 0.87685031
   0.86079295 0.83579488 0.79900989 0.89438013]]

 [[0.65406257 0.64059296 0.66919277 0.73655164 0.76324417 0.7663746
   0.79374748 0.78600856 0.79970339 0.73579013 0.7186082  0.76976182
   0.81678317 0.83388259 0.84748971 0.85205394 0.83558518 0.83517687
   0.78957978 0.74357159 0.76775706 0.82477549 0.84110959 0.82245658
   0.84285118 0.82898486 0.82786015 0.85978276 0.8351496  0.8654066
   0.86608095 0.86248257 0.88080976 0.86719097 0.8864062  0.88272124
   0.88998469 0.88417466 0.88419323 0.88358668 0.87228658 0.87171769
   0.88504734 0.87061014 0.89043084 0.89568929 0.89856785 0.88263775
   0.87574196 0.90540963 0.90529222 0.91264509 0.9022974  0.90955351
   0.91344861 0.91281769 0.91422462 0.90589862 0.89535173 0.89364575
   0.89232434 0.91069722 0.92280438 0.9126675  0.9066712  0.89100164
   0.90409031 0.89093674 0.88683257 0.90788329 0.90573642 0.8887748
   0.89886684 0.89067122 0.90759335 0.90246055 0.90578274 0.89846598
   0.90326073 0.91459681 0.92437151 0.92297517 0.92858622 0.92385637
   0.92416263 0.92021715 0.89565795 0.84721523 0.88504822 0.83918618
   0.88576596 0.89494848 0.883363   0.83260135 0.78440957 0.80983328
   0.81421827 0.84164622 0.86415056 0.89197831]
  [0.65406257 0.63719652 0.65777067 0.7207273  0.74837331 0.74468516
   0.77088771 0.76585    0.77669966 0.70928399 0.68200298 0.73087466
   0.78480796 0.79619054 0.80967537 0.8160163  0.79980499 0.79281764
   0.74620019 0.71222029 0.72879028 0.79358918 0.8043968  0.77563159
   0.80914786 0.79147369 0.786126   0.83504244 0.79095818 0.83576544
   0.83522816 0.82201172 0.83756648 0.82231755 0.84699874 0.83864534
   0.84571344 0.84011365 0.83627629 0.83989924 0.82148045 0.82941063
   0.85057837 0.82187541 0.84404283 0.85266761 0.86070442 0.85352246
   0.84368751 0.8743397  0.86869837 0.87683784 0.85830365 0.87271917
   0.87017954 0.87159018 0.87004576 0.85905852 0.84952207 0.85454718
   0.85556905 0.87554155 0.8925612  0.8808889  0.8680279  0.84387984
   0.86675608 0.85430783 0.85354483 0.87220241 0.87874809 0.85345355
   0.87142462 0.855811   0.87491092 0.8625906  0.86704053 0.86156858
   0.85898531 0.86963443 0.88453894 0.88752131 0.89672744 0.89081373
   0.88966327 0.88456643 0.85124365 0.81060841 0.86251826 0.8060236
   0.860654   0.86191934 0.84694331 0.80296315 0.74215216 0.7736615
   0.76956535 0.80100545 0.82472694 0.86138998]]]

Process finished with exit code 0
